Taxa	LW	CW	DP
A14001	698	419.2	0.60 
A14002	680	415	0.61 
A14003	700	441.8	0.63 
A14004	725	441.2	0.61 
A14005	659	399.2	0.61 
A14006	676	416.8	0.62 
A14007	730	433.2	0.59 
A14008	667	405	0.61 
A14009	747	443.8	0.59 
A14010	689	432	0.63 
A14011	684	430.6	0.63 
A14012	680	406.8	0.60 
A14013	710	447.8	0.63 
A14014	631	382	0.61 
A14015	740	443.6	0.60 
A14016	708	431.8	0.61 
A14017	642	403.6	0.63 
A14018	727	438.2	0.60 
A14019	772	472.4	0.61 
A14020	684	429	0.63 
A14021	692	425.4	0.61 
A14022	700	420.4	0.60 
B14001	735	446.2	0.61 
B14002	722	441.8	0.61 
B14003	634	376.6	0.59 
B14004	703	436	0.62 
B14005	683	409	0.60 
B14006	723	445	0.62 
B14007	760	474.2	0.62 
B14008	721	443	0.61 
B14009	702	425.2	0.61 
B14010	709	434.6	0.61 
B14011	670	393.2	0.59 
B14012	676	411.6	0.61 
B14013	765	452.8	0.59 
B14014	720	429.6	0.60 
B14015	685	404.2	0.59 
B14016	766	463.6	0.61 
B14017	698	416	0.60 
B14018	713	434.2	0.61 
B14019	753	439.6	0.58 
B14020	807	470.2	0.58 
B14021	687	422.6	0.62 
B14022	673	398.6	0.59 
C301	692	422.2	0.61 
C302	674	413.6	0.61 
C303	681	424.6	0.62 
C304	657	390	0.59 
C305	646	407.2	0.63 
C306	675	416.4	0.62 
C307	663	398	0.60 
C308	664	399.8	0.60 
C309	677	419.8	0.62 
C310	717	444	0.62 
C311	693	414.4	0.60 
C312	702	428.2	0.61 
C313	688	407.8	0.59 
C314	690	430.2	0.62 
C315	701	420	0.60 
C316	734	452.6	0.62 
C317	660	383.2	0.58 
C318	695	425.2	0.61 
C319	702	433.6	0.62 
C320	682	417	0.61 
C321	655	400.2	0.61 
C322	688	412	0.60 
D401	617	377.4	0.61 
D402	720	448.2	0.62 
D403	684	436.4	0.64 
D404	701	433.8	0.62 
D405	660	398	0.60 
D406	659	410	0.62 
D407	650	410.6	0.63 
D408	617	372.8	0.60 
D409	674	430.4	0.64 
D410	643	405	0.63 
D411	659	406	0.62 
D412	629	392.2	0.62 
D413	668	411.8	0.62 
D414	627	381.6	0.61 
D415	665	426.6	0.64 
D416	652	406.4	0.62 
D417	700	437.8	0.63 
D418	621	376.4	0.61 
D419	634	384.2	0.61 
D420	615	387.2	0.63 
D421	640	378.8	0.59 
D422	609	375	0.62 
D423	653	405.2	0.62 
E001	744 	473.8	0.64 
E002	754 	458.2	0.61 
E003	684 	429.8	0.63 
E004	690 	431.4	0.63 
E005	730 	441.4	0.60 
E006	727 	447.4	0.62 
E007	779 	482.6	0.62 
E008	789 	486.2	0.62 
E009	741 	446.4	0.60 
E010	757 	485.6	0.64 
E011	764 	458.4	0.60 
E012	669 	404.8	0.61 
E013	794 	464.8	0.59 
E014	687 	428.4	0.62 
E015	685 	413.6	0.60 
E016	736 	482	0.65 
E017	737 	443.8	0.60 
E018	846 	518	0.61 
E019	688 	423.6	0.62 
E020	720 	442.4	0.61 
HS001	716	380.8	0.53 
HS002	750	393.6	0.52 
HS003	588	333.5	0.57 
HS004	615	328.6	0.53 
HS005	686	369.4	0.54 
HS006	566	301.8	0.53 
HS007	637	349.2	0.55 
HS008	571	316.8	0.55 
HS009	746	389.7	0.52 
HS010	627	327.5	0.52 
HS011	586	322.6	0.55 
HS012	615	334.5	0.54 
HS013	616	328.1	0.53 
HS014	607	325.1	0.54 
HS015	670	359.5	0.54 
HS016	627	324.7	0.52 
HS017	678	360.6	0.53 
HS018	622	348.6	0.56 
HS019	640	346.1	0.54 
HS020	635	343.3	0.54 
HS021	670	383.4	0.57 
HS022	626	342.7	0.55 
HS023	701	393.6	0.56 
HS024	665	362.8	0.55 
HS025	644	354.7	0.55 
HS026	568	319.9	0.56 
HS027	619	323.5	0.52 
HS028	613	321.4	0.52 
HS029	599	314.7	0.53 
HS030	654	342.9	0.52 
HS031	565	300.7	0.53 
HS032	562	286.3	0.51 
HS033	586	310	0.53 
HS034	613	330.5	0.54 
HS035	538	288.6	0.54 
HS036	656	348.2	0.53 
HS037	568	287.9	0.51 
HS038	522	285.8	0.55 
HS039	602	320.6	0.53 
HS040	734	366.1	0.50 
HS041	685	370.2	0.54 
HS042	672	356.4	0.53 
HS043	609	324.2	0.53 
HS044	663	347.8	0.52 
HS045	648	342.5	0.53 
HS046	559	305	0.55 
HS047	664	366.4	0.55 
HS048	666	361.7	0.54 
D00527437	730	392	0.54 
D00574028	720	400	0.56 
D00526120	740	407	0.55 
D00527793	860	435	0.51 
D00526121	850	470	0.55 
D00572677	840	445	0.53 
D00572810	760	387	0.51 
D00549897	760	410	0.54 
D00573148	770	399	0.52 
D00564953	780	423	0.54 
D00564307	760	410	0.54 
D00622676	790	417	0.53 
D00528088	740	380	0.51 
D00548490	780	405	0.52 
D00548985	750	395	0.53 
D00612992	790	413	0.52 
D00553128	760	393	0.52 
D00608343	740	403	0.54 
D00587370	750	400	0.53 
D00542697	710	400	0.56 
D00588570	850	468	0.55 
D00592321	740	374	0.51 
D00612855	730	405	0.55 
D00592280	810	452	0.56 
D00546580	730	403	0.55 
D00606724	710	387	0.55 
D00606817	850	474	0.56 
D00587569	790	430	0.54 
D00542793	750	405	0.54 
D00552978	840	459	0.55 
D00573564	910	527	0.58 
D00525730	810	434.5	0.54 
D00542557	690	449.5	0.65 
D00611697	750	473	0.63 
D00565514	760	465	0.61 
D00565225	720	429	0.60 
D00565868	840	504	0.60 
D00526479	830	512	0.62 
D00642507	820	486	0.59 
D00526153	980	629.5	0.64 
D00643304	840	471	0.56 
D00535183	780	461	0.59 
D00543505	800	487	0.61 
D00622715	790	476.5	0.60 
D00606549	760	448	0.59 
D00535406	750	466	0.62 
D00571308	730	425.5	0.58 
D00565459	760	504	0.66 
D00565864	750	447	0.60 
D00623441	770	500	0.65 
D00622500	790	449	0.57 
D00527069	690	405	0.59 
D00592531	750	437	0.58 
D00613360	740	475	0.64 
D00543099	760	458	0.60 
D00587455	830	522	0.63 
D00523800	800	469	0.59 
D00622941	810	474.5	0.59 
D00606234	800	462	0.58 
D00543422	710	427.5	0.60 
D00525803	930	540.5	0.58 
D00611969	770	428	0.56 
D00552362	810	463.5	0.57 
D00587827	450	262	0.58 
D00571640	830	481	0.58 
D00587659	840	482	0.57 
D00606753	820	467	0.57 
D00564998	800	477	0.60 
D00608064	810	483	0.60 
D00552428	920	517	0.56 
D00542670	740	440	0.59 
D00643429	720	458	0.64 
D00622837	690	376	0.54 
D00535093	890	487	0.55 
D00587971	610	355	0.58 
D00548595	790	485	0.61 
D00612568	800	490	0.61 
D00542973	770	483	0.63 
D00564892	790	452	0.57 
D00565087	670	447	0.67 
D00568850	780	473	0.61 
D00546398	760	435	0.57 
D00627500	770	397	0.52 
D00548479	620	329	0.53 
D00564897	710	421	0.59 
D00573217	650	414	0.64 
D00571769	630	373	0.59 
D00564853	570	342	0.60 
D00605215	600	372	0.62 
D00588798	660	346	0.52 
D00572377	690	382	0.55 
D00606180	740	385	0.52 
D00571677	740	400	0.54 
D00587430	730	409	0.56 
D00548634	780	419	0.54 
D00565479	730	398	0.55 
D00643380	700	371	0.53 
D00623314	680	359	0.53 
D00623833	640	346	0.54 
D00548184	780	408	0.52 
D00564840	700	353	0.50 
D00573906	660	355	0.54 
D00606400	630	364	0.58 
D00549729	760	425	0.56 
D00565789	730	407	0.56 
D00605520	690	350	0.51 
D00612187	660	368	0.56 
D00548850	700	371	0.53 
D00606470	900	506.5	0.56 
D00572971	830	434	0.52 
D00522982	830	482.5	0.58 
D00623103	900	477	0.53 
D00612010	750	397	0.53 
D00534098	820	443	0.54 
D00605509	820	452.5	0.55 
D00591889	790	451	0.57 
D00526353	910	492	0.54 
D00526436	840	435	0.52 
D00614345	900	493	0.55 
D00612318	800	496.5	0.62 
D00549924	960	568	0.59 
D00612506	810	444.5	0.55 
